#id: 'mlib_deseq2_clustering_1'
#section_name: 'MERGED LIB: consensus_peaks DESeq2 sample similarity'
#description: "Matrix is generated from clustering with Euclidean distances between
#	       <a href='https://bioconductor.org/packages/release/bioc/html/DESeq2.html' target='_blank'>DESeq2</a>
#              rlog values for each sample
#              in the <a href='https://github.com/nf-core/atacseq/blob/master/bin/deseq2_qc.r'><code>deseq2_qc.r</code></a> script."
#plot_type: 'heatmap'
#anchor: 'mlib_deseq2_clustering_1'
#pconfig:
#    title: 'DESeq2: Heatmap of the sample-to-sample distances'
#    xlab: True
#    reverseColors: True
sample	AkaaF6HSan_REP2	ManzF6HSan_REP3	AkaaF6Ctrl_REP1	ManzF6Ctrl_REP3	AkaaF3Ctrl_REP3	AkaaF3Heat_REP3	AkaaF3Heat_REP1	ManzF6Ctrl_REP1	ManzF3Ctrl_REP2	AkaaF3Ctrl_REP2	ManzF6HSan_REP2	AkaaF6Ctrl_REP3	ManzF3Heat_REP1	ManzF3Ctrl_REP1	ManzF3Heat_REP3	ManzF3Heat_REP2	AkaaF3Heat_REP2	ManzF6HSan_REP1	AkaaF6HSan_REP1	AkaaF6Ctrl_REP2	ManzF3Ctrl_REP3	ManzF6Ctrl_REP2	AkaaF6HSan_REP3	AkaaF3Ctrl_REP1
AkaaF6HSan_REP2	0	40.6954782996627	36.6104448465422	43.490238668116	48.1958233469112	75.6221838399205	76.0494595446003	39.8394882911861	63.5692092657645	47.9435271191828	41.5556626957773	34.2141668913573	68.906715649639	64.3262832173201	75.1335979091101	78.0255767458013	77.0722603133076	36.8731867404186	45.5513896932984	37.5441140738459	60.4455365407908	36.840714150113	36.8385936343495	47.0479603450196
ManzF6HSan_REP3	40.6954782996627	0	37.2264486379694	33.3035885944915	46.5012315979796	75.2895227766164	72.2927958309104	32.7618860545299	53.0019032896221	47.941585476976	33.9518698141445	37.6941968570417	67.505361697671	53.1532907067222	68.8998515265828	73.8252945109963	79.4515048057314	31.7898602745895	52.4754616804364	40.0880376079619	50.7786404610104	30.4822625469132	39.289686217474	50.3398792774795
AkaaF6Ctrl_REP1	36.6104448465422	37.2264486379694	0	39.3798472693339	45.1974918221149	72.8185951008628	72.0347620843055	36.4984118140424	59.2087395599711	45.9110269145126	39.412395010163	32.6065717036532	65.8547015263227	59.8976063745376	70.7912029566508	74.2606726545305	75.0764595701913	34.1797649237547	45.4104814093727	36.1444611408046	56.3606561882157	33.8099342062774	35.6162292456222	46.1011594150988
ManzF6Ctrl_REP3	43.490238668116	33.3035885944915	39.3798472693339	0	43.1205012034866	70.4795342726387	66.0250149724828	34.5116103623998	46.8862589504651	45.695445457125	37.1844242141812	40.1424232891968	63.4543682907623	46.4159694183801	62.1921991236895	67.4268621451912	75.9967766131631	33.5864908472822	54.5593103809402	41.8265212074894	45.1542786674606	31.0931870538616	41.7151684741636	49.4106918840548
AkaaF3Ctrl_REP3	48.1958233469112	46.5012315979796	45.1974918221149	43.1205012034866	0	60.669039411316	59.2817854828999	49.3423319981281	54.6400234559976	38.3764090796753	52.7845994684676	43.798372160413	57.2760143733166	56.052567450931	57.7505096480027	60.7463091896839	63.5254087110965	46.5291527656036	52.6938453839128	45.6077755624646	51.8977239125488	44.2527611459595	45.4983735840006	41.3154203779295
AkaaF3Heat_REP3	75.6221838399205	75.2895227766164	72.8185951008628	70.4795342726387	60.669039411316	0	59.8118466739779	78.0437133573759	78.5550100805373	62.9860368589947	82.1003496971118	71.7340750395812	61.651563025038	79.4077485231007	62.424264898067	62.322885050619	61.7374308102293	75.3818829762978	74.2966942784538	71.9216038537983	76.7520787955964	74.0119312186389	73.0809594519687	64.4139622676564
AkaaF3Heat_REP1	76.0494595446003	72.2927958309104	72.0347620843055	66.0250149724828	59.2817854828999	59.8118466739779	0	75.3998031660261	73.1795889833962	62.7004431580672	79.9303560408011	71.6713038004087	60.2470845440296	72.6741790692747	57.6183794589831	58.6037343726144	63.6680302918549	73.074139533764	75.7384511394763	71.6820163561877	72.134134784309	71.7870485212136	73.0260351866292	64.7729567987618
ManzF6Ctrl_REP1	39.8394882911861	32.7618860545299	36.4984118140424	34.5116103623998	49.3423319981281	78.0437133573759	75.3998031660261	0	55.6768668882366	50.9421580150092	33.411615455038	37.6488462964989	70.2438759937251	55.3725690633325	72.3964168196446	77.0268296034864	82.1690221269292	30.857785349445	52.0630353124424	39.5131690025282	53.5321594868195	29.7019765214449	38.5079570986797	52.8042521124499
ManzF3Ctrl_REP2	63.5692092657645	53.0019032896221	59.2087395599711	46.8862589504651	54.6400234559976	78.5550100805373	73.1795889833962	55.6768668882366	0	54.9077816382268	54.8614533736487	60.9064212093598	73.8702950516833	41.043795179984	68.4905357984578	74.5394541770026	85.2132844943471	54.2160427912864	74.2114335460834	62.5328123295984	38.6681833462727	50.9765199984166	60.9315982214329	62.0673003810897
AkaaF3Ctrl_REP2	47.9435271191828	47.941585476976	45.9110269145126	45.695445457125	38.3764090796753	62.9860368589947	62.7004431580672	50.9421580150092	54.9077816382268	0	53.0746319488752	44.2354173500703	59.2722840780357	56.7816069843362	61.5350281831741	64.1277231486666	65.108349982469	47.287218947775	53.2232821199693	46.1210559828698	52.2985612431731	45.4051090439255	46.4389860781473	41.204203882851
ManzF6HSan_REP2	41.5556626957773	33.9518698141445	39.412395010163	37.1844242141812	52.7845994684676	82.1003496971118	79.9303560408011	33.411615455038	54.8614533736487	53.0746319488752	0	39.870149112809	74.3027069482635	56.1567479152873	76.3158713330956	81.736796481623	86.3368943674337	32.9468724584357	55.5454426709648	42.115510106109	52.9541289042409	30.9826257019173	41.1583578241936	55.4010876757628
AkaaF6Ctrl_REP3	34.2141668913573	37.6941968570417	32.6065717036532	40.1424232891968	43.798372160413	71.7340750395812	71.6713038004087	37.6488462964989	60.9064212093598	44.2354173500703	39.870149112809	0	65.0454866504408	61.7646146922089	70.8404634969772	73.8738924540561	73.2835713034561	34.6012762923803	42.8883667540333	34.0992242753757	57.711498598476	33.9903481630615	33.8461762412699	43.912731735383
ManzF3Heat_REP1	68.906715649639	67.505361697671	65.8547015263227	63.4543682907623	57.2760143733166	61.651563025038	60.2470845440296	70.2438759937251	73.8702950516833	59.2722840780357	74.3027069482635	65.0454866504408	0	73.8855189020622	60.4574810095716	61.0396680290728	62.6672149502259	67.299290407005	68.2005614802644	65.3889217095173	71.8698752015302	66.5622896316493	66.9323389206848	59.392914697026
ManzF3Ctrl_REP1	64.3262832173201	53.1532907067222	59.8976063745376	46.4159694183801	56.052567450931	79.4077485231007	72.6741790692747	55.3725690633325	41.043795179984	56.7816069843362	56.1567479152873	61.7646146922089	73.8855189020622	0	67.9903577353923	74.1070295646777	85.9028266734948	53.9398592482516	74.752008392937	63.0891208835677	41.6022602377346	52.1102548282588	61.8756196676973	62.9838482713427
ManzF3Heat_REP3	75.1335979091101	68.8998515265828	70.7912029566508	62.1921991236895	57.7505096480027	62.424264898067	57.6183794589831	72.3964168196446	68.4905357984578	61.5350281831741	76.3158713330956	70.8404634969772	60.4574810095716	67.9903577353923	0	57.7233495195921	67.0300146389937	70.4109521368656	76.4321495793342	71.1198933575024	67.3225895063194	68.3845874689363	72.0169037812274	64.5934220543605
ManzF3Heat_REP2	78.0255767458013	73.8252945109963	74.2606726545305	67.4268621451912	60.7463091896839	62.322885050619	58.6037343726144	77.0268296034864	74.5394541770026	64.1277231486666	81.736796481623	73.8738924540561	61.0396680290728	74.1070295646777	57.7233495195921	0	65.5212195104457	74.7357486688298	77.6910164561465	73.8047106578917	73.4079441438276	73.4087519070033	75.1988445464742	66.5448979090777
AkaaF3Heat_REP2	77.0722603133076	79.4515048057314	75.0764595701913	75.9967766131631	63.5254087110965	61.7374308102293	63.6680302918549	82.1690221269292	85.2132844943471	65.108349982469	86.3368943674337	73.2835713034561	62.6672149502259	85.9028266734948	67.0300146389937	65.5212195104457	0	78.8354613510269	73.8091728638243	73.8085202289027	82.8473205690041	78.0747948415453	75.2792546652905	64.8577566500031
ManzF6HSan_REP1	36.8731867404186	31.7898602745895	34.1797649237547	33.5864908472822	46.5291527656036	75.3818829762978	73.074139533764	30.857785349445	54.2160427912864	47.287218947775	32.9468724584357	34.6012762923803	67.299290407005	53.9398592482516	70.4109521368656	74.7357486688298	78.8354613510269	0	48.7447502520912	36.920626056178	51.8047084508902	28.9049341561129	36.5012837019027	48.3255104727595
AkaaF6HSan_REP1	45.5513896932984	52.4754616804364	45.4104814093727	54.5593103809402	52.6938453839128	74.2966942784538	75.7384511394763	52.0630353124424	74.2114335460834	53.2232821199693	55.5454426709648	42.8883667540333	68.2005614802644	74.752008392937	76.4321495793342	77.6910164561465	73.8091728638243	48.7447502520912	0	44.3580634291961	70.8283704899915	49.6395580369631	46.5416214872834	50.2788825555623
AkaaF6Ctrl_REP2	37.5441140738459	40.0880376079619	36.1444611408046	41.8265212074894	45.6077755624646	71.9216038537983	71.6820163561877	39.5131690025282	62.5328123295984	46.1210559828698	42.115510106109	34.0992242753757	65.3889217095173	63.0891208835677	71.1198933575024	73.8047106578917	73.8085202289027	36.920626056178	44.3580634291961	0	59.4095010406474	36.5641945523892	37.2281962342926	45.8573064769159
ManzF3Ctrl_REP3	60.4455365407908	50.7786404610104	56.3606561882157	45.1542786674606	51.8977239125488	76.7520787955964	72.134134784309	53.5321594868195	38.6681833462727	52.2985612431731	52.9541289042409	57.711498598476	71.8698752015302	41.6022602377346	67.3225895063194	73.4079441438276	82.8473205690041	51.8047084508902	70.8283704899915	59.4095010406474	0	48.7364303907295	57.8460844381694	59.0031799198383
ManzF6Ctrl_REP2	36.840714150113	30.4822625469132	33.8099342062774	31.0931870538616	44.2527611459595	74.0119312186389	71.7870485212136	29.7019765214449	50.9765199984166	45.4051090439255	30.9826257019173	33.9903481630615	66.5622896316493	52.1102548282588	68.3845874689363	73.4087519070033	78.0747948415453	28.9049341561129	49.6395580369631	36.5641945523892	48.7364303907295	0	35.516770627052	48.0146797673739
AkaaF6HSan_REP3	36.8385936343495	39.289686217474	35.6162292456222	41.7151684741636	45.4983735840006	73.0809594519687	73.0260351866292	38.5079570986797	60.9315982214329	46.4389860781473	41.1583578241936	33.8461762412699	66.9323389206848	61.8756196676973	72.0169037812274	75.1988445464742	75.2792546652905	36.5012837019027	46.5416214872834	37.2281962342926	57.8460844381694	35.516770627052	0	46.7576974503511
AkaaF3Ctrl_REP1	47.0479603450196	50.3398792774795	46.1011594150988	49.4106918840548	41.3154203779295	64.4139622676564	64.7729567987618	52.8042521124499	62.0673003810897	41.204203882851	55.4010876757628	43.912731735383	59.392914697026	62.9838482713427	64.5934220543605	66.5448979090777	64.8577566500031	48.3255104727595	50.2788825555623	45.8573064769159	59.0031799198383	48.0146797673739	46.7576974503511	0
